13	53	100	185	262	302	338	351
13	53	100	185	262	302	338	351
13	53	100	185	262	302	338	351
13	53	100	185	262	302	338	351
13	53	100	185	262	302	338	351
13	53	100	185	262	302	338	351
13	53	100	185	262	302	338	351
13	53	100	185	262	302	338	351
13	53	100	185	262	302	338	351
13	53	100	185	262	302	338	351
13	53	100	185	262	302	338	351
13	53	100	185	262	302	338	351
13	53	100	185	262	302	338	351
13	53	100	185	262	302	338	351
13	53	100	185	262	302	338	351
13	53	100	185	262	302	338	351
13	53	100	185	262	302	338	351
13	53	100	185	262	302	338	351
13	53	100	185	262	302	338	351
13	53	100	185	262	302	338	351
13	53	100	185	262	302	338	351
13	53	100	185	262	302	338	351
13	53	100	185	262	302	338	351
13	53	100	185	262	302	338	351
13	53	100	185	262	302	338	351
13	53	100	185	262	302	338	351
13	53	100	185	262	302	338	351
13	53	100	185	262	302	338	351
13	53	100	185	262	302	338	351
13	53	100	185	262	302	338	351
13	53	100	185	262	302	338	351
13	53	100	185	262	302	338	351
13	53	100	185	262	302	338	351
13	53	100	185	262	302	338	351
13	53	100	185	262	302	338	351
13	53	100	185	262	302	338	351
13	53	100	185	262	302	338	351
13	53	100	185	262	302	338	351
13	53	100	185	262	302	338	351
13	53	100	185	262	302	338	351
13	53	100	185	262	302	338	351
13	51.6038355823000	97.9072652458926	177.789335966918	250.816391917503	285.136185287705	328.019467038289	342.790273653448
13	50.2018767414792	95.8918751869766	172.095086060447	247.060061270014	277.225004524706	319.413848491187	335.132252495322
13	48.9037240392017	93.9285470168261	167.276580828982	243.348118687768	269.911555809020	311.226164334144	327.744107136165
13	47.7026433999165	92.0165484328292	163.346758209100	239.680564170767	263.148155490519	303.438264433346	320.617239184135
13	46.5921866640982	90.1551471323738	160.212077006696	236.057397719010	256.889634969509	296.032409185244	313.743202819656
13	45.5661857173633	88.3436108128479	157.722836411059	232.478619332498	251.093278180686	288.991269516554	307.113704795426
13	44.6187466195867	86.5812071716397	155.716012359302	228.944229011229	245.718759077082	282.297926884262	300.720604436412
13	43.7442437340180	84.8672039061370	154.044052917508	225.454226755205	240.728079114021	275.935873275618	294.555913639849
13	42.9373138563978	83.2008687137280	152.589077002236	222.008612564424	236.085504733070	269.889011208139	288.611796875245
13	42.1928503440743	81.5814692918007	151.265710608287	218.607386438888	231.757504845993	264.141653729610	282.880571184377
13	41.5059972451192	80.0082733377430	150.017099375799	215.250548378596	227.712688318702	258.678524418082	277.354706181292
13	40.8721434274443	78.4805485489430	148.808137943358	211.938098383548	223.921741455208	253.484757381871	272.026824052308
13	40.2869167079181	76.9975626227887	147.618630898809	208.670036453745	220.357365481576	248.545897259563	266.889699556010
13	39.7461779814813	75.5585832566682	146.437732926097	205.446362589185	216.994214029877	243.847899220008	261.936260023259
13	39.2460153502647	74.1628781479694	145.260017940525	202.267076789870	213.808830622137	239.377128962323	257.159585357180
13	38.7827382527037	72.8097149940803	144.082982210708	199.132179055799	210.779586154293	235.120362715893	252.552908033172
13	38.3528715926561	71.4983614923891	142.905594872455	196.041669386972	207.886616380144	231.064787240369	248.109613098903
13	37.9531498685174	70.2280853402837	141.727520975355	192.995547783389	205.111759395305	227.197999825667	243.823238174311
13	37.5805113023382	68.9981542351522	140.548734343688	189.993814245051	202.438493121151	223.508008291972	239.687473451604
13	37.2320919689397	67.8078358743825	139.369337404694	187.036468771956	199.851872788786	219.983230989735	235.696161695260
13	36.9052199250300	66.6563979553627	138.189482594180	184.123511364106	197.338468422976	216.612496799673	231.843298242029
13	36.5974093383215	65.5431081754807	137.009340128207	181.254942021500	194.886302326115	213.385045132770	228.123031000928
13	36.3063546166461	64.4672342321248	135.829085544850	178.430760744138	192.484786562173	210.290525930277	224.529660453247
13	36.0299245370721	63.4280438226827	134.648895146161	175.650967532020	190.124660440647	207.318999663712	221.057639652544
13	35.7661563750201	62.4248046445427	133.468944406389	172.915562385146	187.797928000514	204.460937334858	217.701574224649
13	35.5132500333803	61.4567843950926	132.289407428953	170.224545303517	185.497795494185	201.707220475766	214.456222367661
13	35.2695621716279	60.5232507717205	131.110456753455	167.577916287132	183.218608871453	199.049141148754	211.316494851949
13	35.0336003349395	59.6234714718144	129.932263273425	164.975675335991	180.955791263451	196.478401946405	208.277455020153
13	34.8040170833106	58.7567141927625	128.754996187653	162.417822450094	178.705780466602	192.686305770526	205.334318787183
13	34.5796041206701	57.9222466319525	127.578822961663	159.904357629441	176.465966426571	189.876838740738	202.482454640217
13	34.3592864239981	57.1193364867727	126.403909292588	157.435280874032	173.580491201792	187.152358745250	199.717383638706
13	34.1421163724418	56.3472514546110	125.230419075635	155.010592183868	171.201097293677	184.509692437623	197.034779414371
13	33.9272678764316	55.6052592328554	124.058514371678	152.630291558948	168.880058712756	181.945741949427	194.430468171201
13	33.7140305067983	54.8926275188940	122.888355375867	150.294378999271	166.616136731602	179.457484890237	191.900428685456
13	33.5018036238880	54.2086240101147	121.720100387236	148.002854504839	164.408092622785	177.041974347639	189.440792305668
13	33.2900905066799	53.5525164039057	120.553905779300	145.755718075652	162.254687658877	174.696338887223	187.047842952637
13	33.0784924819015	52.9235723976548	119.389925971657	143.552969711708	160.154683112448	172.417782552588	184.718017119433
13	32.8667030531460	52.3210596887503	118.228313402584	141.394609413009	158.106840256071	170.203584865342	182.447903871397
13	32.6545020299881	51.7442459745799	117.069218502643	139.280637179553	156.109920362316	168.051100825098	180.234244846141
13	32.4417496570995	51.1923989525319	115.912789669284	137.211053011342	154.162684703755	165.957760909479	178.073934253546
13	32.2283807433676	50.6647863199942	114.759173242462	135.185856908375	152.263894552959	163.921071074113	175.964018875763
13	32.0143987910092	50.1606757743547	113.608513481261	133.205048870652	150.412311182499	161.938612752637	173.901698067212
13	31.7998701246886	49.6793350130016	112.460952541522	131.268628898174	148.606695864947	160.008042856695	171.884323754588
13	31.5849180206329	49.2200317333229	111.316630454483	129.376596990939	146.845809872874	158.127093775940	169.909400436850
13	31.3697168357494	48.7820336327066	110.175685106429	127.528953148949	145.128414478851	156.293573378031	167.974585185230
13	31.1544861367408	48.3646084085407	109.038252219344	125.725697372203	143.453270955449	154.505365008634	166.077687643231
13	30.9394848292224	47.9670237582132	107.904465332571	123.966829660701	141.819140575240	152.760427491425	164.216670026625
13	30.7250052868391	47.5885473791122	106.774455785476	122.252350014443	140.224784610795	151.056795128085	162.389647123453
13	30.5113674803780	47.2284469686256	105.648352701112	120.582258433429	138.668964334685	149.392577698304	160.594886294030
13	30.2989131068916	46.8859902241415	104.526282970877	118.956554917660	137.150441019482	147.765960459778	158.830807470936
13	30.0879997188072	46.5604448430480	103.408371240173	117.375239467135	135.667975937756	146.175204148214	157.095983159025
13	29.8789948530467	46.2510785227329	102.294739895048	115.838312081853	134.220330362080	144.618644977321	155.389138435420
13	29.6722701601429	45.9571589605845	101.185509049828	114.345772761816	132.806265565024	143.094694638821	153.709150949513
13	29.4681955333548	45.6779538539905	100.080796535728	112.897621507024	131.424542819160	141.601840302440	152.055050922968
13	29.2671332377856	45.4127309003392	98.9807178904365	111.493858317475	130.073923397058	140.138644615914	150.426021149718
13	29.0694320394966	45.1607577970185	97.8853863486698	110.134483193171	128.753168571291	138.703745704983	148.821396995966
13	28.8754213346263	44.9213022414165	96.7949128336912	108.819496134110	127.461039614429	137.295857173400	147.240666400186
13	28.6854052785040	44.6936319309211	95.7094059497828	107.548897140294	126.196297799045	135.913768102920	145.683469873122
13	28.4996569147688	44.4770145629204	94.6289719756676	106.322686211722	124.957704397708	134.556343053309	144.149600497787
13	28.3184123044833	44.2707178348024	93.5537148588727	105.140863348394	123.744020682990	133.222522062339	142.639003929466
13	28.1418646552527	44.0740094439551	92.4837362110248	104.003428550311	122.554007927463	131.911320645789	141.151778395711
13	27.9701584503390	43.8861570877666	91.4191353040710	102.910381817471	121.386427403698	130.621829797448	139.688174696349
13	27.8033835777774	43.7064284636248	90.3600090674150	101.861723149876	120.240040384266	129.353215989111	138.248596203472
13	27.6415694594957	43.5340912689179	89.3064520859599	100.857452547525	119.113608141739	128.104721170580	136.833598861447
13	27.4846791804250	43.3684132010336	88.2585565990481	99.8975700104178	118.005891948688	126.875662769665	135.443891186905
13	27.3326036176231	43.2086619573603	87.2164125002881	98.9820755385549	116.915653077683	125.665433692183	134.080334268755
13	27.1851555693838	43.0541052352858	86.1801073382587	98.1109691319363	115.841652801297	124.473502321961	132.743941768169
13	27.0420638843590	42.9040107321981	85.1497263180786	97.2842507905618	114.782652392100	123.299412520830	131.435879918593
13	26.9029675906704	42.7576461454854	84.1253523038321	96.5019205144315	113.737413122664	122.142783628631	130.157467525743
13	26.7674100250304	42.6142791725356	83.1070658218385	95.7639783035453	112.704696265560	121.003310463212	128.910175967602
13	26.6348329618536	42.4731775107367	82.0949450647535	95.0704241579034	111.683263093360	119.880763320428	127.695629194428
13	26.5045707423780	42.3336088574768	81.0890658964925	94.4212580775055	110.671874878635	118.774987974142	126.515603728746
13	26.3758444037784	42.1948409101439	80.0895018579610	93.8164800623518	109.669292893955	117.685905676225	125.372028665351
13	26.2477558082816	42.0561413661258	79.0963241735824	93.2560901124423	108.674278411893	116.613513156553	124.266985671308
13	26.1192817722871	41.9167779228109	78.1096017586081	92.7400882277770	107.685592705019	115.557882623013	123.202708985956
13	25.9892681954794	41.7760182775870	77.1294012271989	92.2684744083558	106.701997045905	114.519161761498	122.181585420899
13	25.8564241899459	41.6331301278421	76.1557869012634	91.8412486541789	105.722252707122	113.497573735907	121.206154360014
13	25.7193162092925	41.4873811709643	75.1888208200402	91.4584109652460	104.745120961242	112.493417188150	120.279107759446
13	25.5763621777620	41.3380391043417	74.2285627504110	91.1199613415574	103.769363080835	111.507066238142	119.403290147615
