62	173	293	382	462	529	570	613
62	173	293	382	462	529	570	613
62	173	293	382	462	529	570	613
62	173	293	382	462	529	570	613
62	173	293	382	462	529	570	613
62	173	293	382	462	529	570	613
62	173	293	382	462	529	570	613
60.0111977704630	158.927866464945	293	382	462	529	570	613
56.9077079677852	147.618014505192	293	382	462	529	570	613
53.9931951350194	137.403049132223	267.252027328619	382	462	529	570	613
51.2558208253973	128.169621897109	249.287271176522	358.953981436631	462	529	570	613
48.6844914839754	119.816255865762	233.167125978588	337.706101981467	462	529	570	613
46.2688115465524	112.252099870083	218.683717315092	318.379569022743	462	529	570	613
43.9990394919484	105.395813524132	205.652947344066	300.783384935874	442.381474729515	529	570	613
41.8660466616703	99.1745692783347	193.911769183300	284.745832676664	419.614067523389	529	570	613
39.8612786726987	93.5231592257501	183.315773845755	270.112524919465	398.645424410881	529	570	613
37.9767192601044	88.3831956641168	173.737053885357	256.744650658276	379.318633862999	507.302703675020	570	613
36.2048563964856	83.7023955717685	165.062312020570	244.517399282861	361.490699711937	485.149233095568	570	613
34.5386505448534	79.4339401886380	157.191186642219	233.318544165230	345.031303929520	464.511862224206	570	613
32.9715049106183	75.5359018182883	150.034769333758	223.047169610290	329.821679450993	445.274142724882	550.562276355252	613
31.4972375667950	71.9707307945354	143.514292384468	213.612526658869	315.753583255541	427.328757752960	530.366078395340	613
30.1100553344649	68.7047962969770	137.559966801213	204.933004700252	302.728360785602	410.576803430041	511.313655621729	613
28.8045293079676	65.7079753627346	132.109953560004	196.935207171627	290.656093580329	394.927126888773	493.331870631140	613
27.5755719212505	62.9532850351060	127.109452817819	189.553120808471	279.454822721232	380.295716433423	476.352375108763	578.178711272360
26.4184154583300	60.4165531209263	122.509897557366	182.727368976360	269.049841346481	366.605139712763	460.311294897220	558.376327981857
25.3285919169243	58.0761235037850	118.268239688786	176.404540573292	259.373050090159	353.784026124862	445.148935790986	539.713453523301
24.3019141400513	55.9125923856933	114.346318005658	170.536586853061	250.362369849288	341.766589971089	430.809508692159	522.113491113343
23.3344581357433	53.9085722105837	110.710298608601	165.080279294577	241.961206779301	330.492191150842	417.240872853252	505.505149568043
22.4225465100647	52.0484803638369	107.330179486196	159.996722337936	234.117964872233	319.904930441124	404.394296016550	489.822073892156
21.5627329433249	50.3183500470668	104.179351895958	155.250915433527	226.785601885163	309.953276637884	392.224230337945	475.002501611781
20.7517876437971	48.7056610004111	101.234212031844	150.811359412636	219.921224762899	300.589723050396	380.688103056346	460.988943056130
19.9866837173880	47.1991879889287	98.4738172116977	146.649702693276	213.485721041920	291.770471037530	369.746120938141	447.727883919200
19.2645843955806	45.7888651884097	95.8795814793649	142.740423289084	207.443423035064	283.455138456710	359.361087590081	435.169508548508
18.5828310676045	44.4656648016494	93.4350061016744	139.060542997277	201.761801881128	275.606491064038	349.498232793615	423.267442516242
17.9389320661893	43.2214884114341	91.1254409587896	135.589370508505	196.411188802952	268.190195058475	340.125053069456	411.978513128908
17.3305521594503	42.0490697332926	88.9378732853312	132.308270511125	191.364521153801	261.174589105302	331.211162733249	401.262526625209
16.7555027044378	40.9418875714129	86.8607406259270	129.200456158777	186.597111047184	254.530474305117	322.728154751837	391.082060899026
16.2117324206876	39.8940879067339	84.8837652285121	126.250802536438	182.086434561349	248.230920695444	314.649470755089	381.402272665454
15.6973187447284	38.9004141586492	82.9978074171278	123.445678999539	177.811939688374	242.251088983224	306.950279600712	372.190718063273
15.2104597289648	37.9561447623849	81.1947357678739	120.772798475867	173.754871360581	236.568066309011	299.607363929098	363.417185757352
14.7494664506557	37.0570372941719	79.4673121612471	118.221082013311	169.898112035287	231.160714938069	292.599014182366	355.053541669820
14.3127558988661	36.1992784569433	77.8090900050520	115.780537030345	166.226036454027	226.009532860591	285.904929596308	347.073584529510
13.8988443092970	35.3794393114289	76.2143241176944	113.442147882312	162.724379315490	221.096525363378	279.506125706337	339.452911485677
13.5063409187864	34.5944352020937	74.6778909348444	111.197777496982	159.380114713536	216.405086709163	273.384847938701	332.168793084586
13.1339421130588	33.8414898851596	73.1952178557858	109.040078959009	156.181346293853	211.919891127761	267.524490886465	325.200056956388
12.7804259429567	33.1181034176740	71.7622206815052	106.962416036346	153.117207175886	207.626792385907	261.909522896128	318.526979605250
12.4446469859528	32.4220234128895	70.3752482167517	104.958791743596	150.177768771467	203.512731260359	256.525415615351	312.131185737970
12.1255315312005	31.7512193086498	69.0310332146883	103.023784128869	147.353957708849	199.565650292021	251.358578175281	305.995554605690
11.8220730677482	31.1038593325700	67.7266489369494	101.152488553067	144.637480141226	195.774415247853	246.396295702472	300.104132869944
11.5333280568281	30.4782898809878	66.4594706853082	99.3404658045332	142.020752782934	192.128742762444	241.626671875426	294.442053538327
11.2584119703320	29.8730170583725	65.2271417349849	97.5836954584694	139.496840074985	188.619133672732	237.038575259603	288.995460546790
10.9964955787105	29.2866901504721	64.0275431649877	95.8785339503589	137.059396934772	185.236811597649	232.621589172191	283.751438595011
10.7468014725913	28.7180868282723	62.8587671387428	94.2216768863120	134.702616593295	181.973666349766	228.365964844370	278.697947868763
10.5086008033983	28.1660999011472	61.7190932395001	92.6101251615709	132.421183067436	178.822201798512	224.262577664035	273.823763308690
10.2812102291819	27.6297254566428	60.6069675103548	91.0411545017964	130.210227855054	175.775487834528	220.302886296257	269.118418108639
10.0639890527374	27.1080522413993	59.5209838888781	89.5122880807725	128.065290477327	172.827116112266	216.478894492096	264.572151148797
9.85633653990411	26.6002521529897	58.4598677619009	88.0212719032219	125.982282526203	169.971159273405	212.783115408843	260.175858089417
9.65768940669943	26.1055717261216	57.4224613974633	86.5660526729365	123.957454905229	167.202133377042	209.208538276426	255.921045870017
9.46751946465555	25.6233245088839	56.4077110388070	85.1447578947469	121.987367979760	164.514963284231	205.748597255560	251.799790376746
9.28533141439789	25.1528842356671	55.4146554699570	83.7556779843106	120.068864377833	161.904950764274	202.397142343433	247.804697057116
9.11066077813006	24.6936787131905	54.4424158842734	82.3972501825742	118.199044205967	159.367745108517	199.148412192166	243.928864276722
8.94307196227880	24.2451843448381	53.4901869066938	81.0680440923267	116.375242465148	156.899316054262	195.997008714177	240.165849226858
8.78215644210290	23.8069212263558	52.5572286374988	79.7667486727437	114.595008471350	154.495928836935	192.937873356870	236.509636205279
8.62753106058604	23.3784487529925	51.6428596005913	78.4921605444288	112.856087102337	152.154121202991	189.966264936783	232.954607104723
8.47883643441749	22.9593616844516	50.7464504926945	77.2431734723888	111.156401708363	149.870682229215	187.077738930590	229.495513955368
8.33573546031741	22.5492866196535	49.8674186417526	76.0187689077972	109.494038538808	147.642632806216	184.268128127088	226.127453378078
8.19791191538822	22.1478788383444	49.0052230933317	74.8180074814571	107.867232549978	145.467207655149	181.533524550600	222.845842815308
8.06506914557154	21.7548194710959	48.1593602531319	73.6400213527163	106.274354471252	143.341838756954	178.870262572160	219.646398415794
7.93692883666281	21.3698129632788	47.3293600219599	72.4840073273268	104.713899017712	141.264140082960	176.274903130290	216.525114457784
7.81322986268506	20.9925848022028	46.5147823668125	71.3492206664962	103.184474147322	139.231893524421	173.744218988391	213.478244203630
7.69372720675098	20.6228794798488	45.7152142781761	70.2349695172495	101.684791269795	137.243035926616	171.275180960516	210.502282085983
7.57819094984864	20.2604586665154	44.9302670693747	69.1406099012893	100.213656322550	135.295647140597	168.864945041828	207.593947132832
7.46640532327409	19.9050995732870	44.1595739788533	68.0655412059030	98.7699616366857	133.387939012488	166.510840384202	204.750167545054
7.35816782070315	19.5565934835541	43.4027880407748	67.0092021261748	97.3526785227351	131.518245236562	164.210358061380	201.968066346200
7.25328836614717	19.2147444358870	42.6595801932714	65.9710670128986	95.9608505122455	129.685012004117	161.961140571724	199.244948029785
7.15158853427389	18.8793680424234	41.9296375972093	64.9506425852011	94.5935871968822	127.886789385530	159.760972030043	196.578286134618
7.05290081979634	18.5502904285908	41.2126621414332	63.9474649710331	93.2500586119623	126.122223387816	157.607769003159	193.965711683493
6.95706795283995	18.2273472814738	40.5083691132130	62.9610970424150	91.9294901160369	124.390048634513	155.499571946868	191.405002425113
6.86394225739312	17.9103829954664	39.8164860150545	61.9911260156737	90.6311577224478	122.689081618961	153.434537204722	188.894072823285
6.77338505012834	17.5992499050424	39.1367515111907	61.0371612899198	89.3543838426991	121.018214485842	151.410929531684	186.430964741329
6.68526607705190	17.2938075955417	38.4689144889863	60.0988324997195	88.0985334050634	119.376409299439	149.427115108127	184.013838773279
6.59946298560058	16.9939222838265	37.8127332221755	59.1757877603495	86.8630103150871	117.762692760317	147.481555011914	181.640966176826
6.51586082995323	16.6994662615168	37.1679746243562	58.2676920862116	85.6472542276307	116.176151335164	145.572799118447	179.310721366080
6.43435160746596	16.4103173942753	36.5344135824839	57.3742259649439	84.4507376027771	114.615926767288	143.699480400512	177.021574925171
6.35483382427149	16.1263586713010	35.9118323612891	56.4950840715373	83.2729630204010	113.081211937839	141.860309601649	174.772087106416
6.27721208820613	15.8474777998006	35.3000200705771	55.6299741083514	82.1134607304359	111.571247050177	140.054070258454	172.560901779290
6.20139672734404	15.5735668397564	34.6987721882902	54.7786157583479	80.9717864179163	110.085316111968	138.279614048899	170.386740798830
6.12730343252640	15.3045218747983	34.1078901330307	53.9407397401486	79.8475191637328	108.622743691613	136.535856445194	168.248398764246
6.05485292237476	15.0402427154301	33.5271808804581	53.1160869546710	78.7402595837331	107.182891927429	134.821772651196	166.144738140580
5.98397062937294	14.7806326312504	32.9564566186197	52.3044077141343	77.6496281303474	105.765157769730	133.136393805634	164.074684718129
5.91458640569110	14.5255981091613	32.3955344378333	51.5054610451601	76.5752635423207	104.368970437488	131.478803433679	162.037223386124
5.84663424750893	14.2750486348744	31.8442360512462	50.7190140585254	75.5168214294203	102.993789072721	129.848134130536	160.031394198775
5.78005203667344	14.0288964953024	31.3023875426335	49.9448413788822	74.4739729801493	101.639100577069	128.243564461794	158.056288713343
5.71478129859978	13.7870565996818	30.7698191383955	49.1827246284309	73.4464037815671	100.304417616243	126.664316066295	156.111046581299
5.65076697539277	13.5494463174921	30.2463650010583	48.4324519591438	72.4338127412811	98.9892767791600	125.109650948198	154.194852374947
5.58795721323063	13.3159853314443	29.7318630418911	47.6938176286805	71.4359111025603	97.6932368796239	123.578868945816	152.306932633142
5.52630316311330	13.0865955039898	29.2261547505247	46.9666216156276	70.4524215443265	96.4158773893444	122.071305365597	150.446553110842
5.46575879413375	12.8612007559624	28.7290850396985	46.2506692701388	69.4830773585082	95.1567969919969	120.586328770396	148.613016218309
5.40628071848410	12.6397269561134	28.2405021034767	45.5457709964436	68.5276216979142	93.9156122488146	119.123338911914	146.805658636786
5.34782802745778	12.4221018204269	27.7602572874602	44.8517419640534	67.5858068883895	92.6919563669641	117.681764797807	145.023849098344
5.29036213775546	12.2082548202206	27.2882049696947	44.1684018448119	66.6573937995711	91.4854780626394	116.261062884639	143.266986318501
5.23384664744620	11.9981170981398	26.8242024511159	43.4955745732256	65.7421512690674	90.2958405114451	114.860715388402	141.534497070985
5.17824720097597	11.7916213912470	26.3681098545106	42.8330881277681	64.8398555753426	89.1227203792257	113.480228704878	139.825834394742
5.12353136265419	11.5887019604909	25.9197900310851	42.1807743310855	63.9502899550090	87.9658069270332	112.119131932642	138.140475924019
5.06966849808442	11.3892945259152	25.4791084738362	41.5384686672389	63.0732441606100	86.8248011844247	110.776975491942	136.477922332941
5.01662966303927	11.1933362070325	25.0459332370102	40.9060101143078	62.2085140553271	85.6994151857363	109.453329833193	134.837695886639
4.96438749931109	11.0007654678494	24.6201348610196	40.2832409908470	61.3559012413570	84.5893712644021	108.147784229168	133.219339091523
4.91291613709911	10.8115220660830	24.2015863022527	39.6700068148423	60.5152127189988	83.4944014007750	106.859945645419	131.622413437807
4.86219110352184	10.6255470061544	23.7901628672807	39.0661561739450	59.6862605737494	82.4142466192629	105.589437683777	130.046498227878
4.81218923686920	10.4427824955906	23.3857421510187	38.4715406058909	58.8688616889492	81.3486564309225	104.335899594143	128.491189484548
4.76288860623304	10.2631719045033	22.9882039784488	37.8860144881159	58.0628374817353	80.2973883179588	103.098985350089	126.956098933643
4.71426843617767	10.0866597278464	22.5974303495565	37.3094349356821	57.2680136602600	79.2602072568548	101.878362784081	125.440853055772
4.66630903613317	9.91319155018697	22.2133053871707	36.7416617067183	56.4842200003140	78.2368852771157	100.673712778411	123.945092202458
4.61899173421433	9.74271401274975	21.8357152874333	36.1825571146536	55.7112901396569	77.2272010528472	99.4847285082004	122.468469772191
4.57229881518667	9.57517478252189	21.4645482726520	35.6319859466030	54.9490613885109	76.2309395246085	98.3111147330348	121.010651442222
4.52621346231862	9.41052252322505	21.0996945463211	35.0898153873202	54.1973745548074	75.2478915491784	97.1525871340711	119.571314452248
4.48071970287537	9.24870686798285	20.7410462501154	34.5559149481972	53.4560737829049	74.2778535750628	96.0088716936170	118.150146936387
4.43580235702515	9.08967839352879	20.3884974226849	34.0301564008392	52.7250064046064	73.3206273417381	94.8797041144106	116.746847300090
4.39144698994345	8.93338859581577	20.0419439600983	33.5124137147921	52.0040228014110	72.3760196007868	93.7648292759975	115.361123638885
4.34763986691368	8.77978986690261	19.7012835777970	33.0025629990403	51.2929762770281	71.4438418572228	92.6640007257760	113.992693196058
