79793	80152	0.800000
80152	80196	0.810070
80196	80233	0.800000
80233	80318	4.600000
80318	80363	4.610004
80363	80433	4.600000
80433	80783	7.400000
80783	81233	5.400000
81233	81533	2.700000
81533	81868	-8.400000
81868	82068	-3.400000
82068	82268	0.000000
82268	82468	2.800000
82468	82668	6.100000
82668	82718	8.200000
82718	82771	8.206614
82771	82963	8.208959
82963	83087	4.200000
83087	83173	4.825828
83173	83463	-6.374172
83463	83724	-2.574172
83724	84200	-3.200000
84200	84253	0.021384
84253	84306	2.921385
84306	84553	2.900000
84553	84916	4.600000
84916	85029	4.622153
85029	85483	4.600000
85483	85522	-6.700000
85522	85728	-6.492638
85728	85863	-6.700000
85863	85933	-1.700000
85933	86063	-0.706504
86063	86273	8.293496
86273	86445	3.993496
86445	86503	3.000000
86503	86923	-2.800000
86923	87047	-1.500000
87047	87092	-1.490554
87092	87168	-1.500000
87168	87518	-1.200000
87518	87818	0.000000
87818	88068	0.900000
88068	88126	0.000000
88126	88162	0.007003
88162	88249	0.000000
88249	88286	0.007198
88286	88463	0.900000
88463	88963	2.100000
88963	89263	1.800000
89263	89357	1.200000
89357	89466	1.222966
89466	89663	1.200000
89663	89756	1.800000
89756	89793	1.820564
89793	89953	1.800000
89953	90216	2.600000
90216	90253	2.896978
90253	90445	2.196978
90445	90603	1.900000
90603	90953	0.600000
90953	91253	2.000000
91253	91653	1.300000
91653	91853	3.000000
91853	92053	7.200000
92053	92253	8.500000
92253	92553	7.600000
92553	92594	2.500000
92594	92803	3.323189
92803	93014	-2.776811
93014	93153	-3.600000
93153	93350	-0.200000
93350	93503	0.230342
93503	93621	-3.969658
93621	93753	-4.400000
93753	94003	-0.200000
94003	94143	3.900000
94143	94203	4.526619
94203	94403	4.826619
94403	94507	-0.873381
94507	94748	-1.500000
94748	95048	-1.200000
95048	95248	2.600000
95248	95501	2.100000
95501	95748	2.843299
95748	95864	5.943299
95864	96148	5.200000
96148	96398	0.800000
96398	96698	6.400000
96698	97168	-5.300000
97168	97437	5.600000
97437	97598	5.862223
97598	97774	1.462223
97774	98048	1.200000
98048	98248	0.000000
98248	98848	0.800000
98848	99148	1.900000
99148	99398	2.900000
99398	99600	4.600000
99600	99848	5.118739
99848	100048	2.118740
100048	100443	0.900000
100443	100643	-4.600000
100643	100843	-1.000000
100843	101243	4.800000
101243	101299	3.500000
101299	101368	3.521476
101368	101438	3.500000
101438	101625	0.800000
101625	101776	0.826110
101776	101938	0.800000
101938	102188	0.300000
102188	102438	1.800000
102438	102638	2.800000
102638	102711	1.931859
102711	102888	1.600000
102888	103238	2.700000
103238	103444	5.000000
103444	103558	5.692517
103558	103800	0.692517
103800	103938	0.000000
103938	104138	-1.500000
104138	104538	0.500000
104538	104738	1.400000
104738	104938	1.247663
104938	105158	0.347663
105158	105263	3.947663
105263	105438	3.000000
105438	105938	5.600000
105938	105990	7.400000
105990	106138	7.598418
106138	106245	3.998418
106245	106438	3.800000
106438	106521	1.000000
106521	106785	1.238861
106785	106838	1.000000
106838	107158	-2.000000
107158	107608	0.900000
107608	107708	4.400000
107708	107958	4.805637
107958	108026	4.205637
108026	108553	3.800000
108553	108933	0.600000
108933	109133	-0.900000
109133	109433	0.400000
109433	109628	0.700000
109628	109686	1.600000
109686	109928	2.201738
109928	110128	1.201738
110128	110628	3.601738
110628	110828	1.600000
110828	111496	3.400000
111496	111728	4.102243
111728	111857	0.102244
111857	112028	-0.600000
112028	112228	2.700000
112228	112428	5.400000
112428	112716	5.866866
112716	112858	5.400000
112858	112978	6.179968
112978	113178	0.779968
113178	113378	-2.420032
113378	113457	-0.820032
113457	113628	-2.000000
113628	113781	1.900000
113781	113928	3.361138
113928	114228	11.061138
114228	114428	5.761138
114428	114534	4.661138
114534	114628	3.200000
114628	114928	4.700000
114928	115241	3.200000
115241	115328	3.225522
115328	115405	0.425522
115405	115528	0.400000
115528	115635	-8.200000
115635	115878	-7.421891
115878	116021	2.378109
116021	116078	1.600000
116078	116211	2.600000
116211	116528	4.169230
116528	116814	0.669230
116814	116878	-0.900000
116878	117128	1.600000
117128	117428	1.400000
117428	117645	2.500000
117645	117828	3.617539
117828	118078	11.917540
118078	118208	3.417540
118208	118273	2.300000
118273	118473	-1.000000
118473	118711	0.600000
118711	119023	1.528461
119023	119310	3.928461
119310	119368	3.000000
119368	119618	1.000000
119618	119828	1.900000
119828	119918	2.474245
119918	120197	0.274245
120197	120268	-0.300000
120268	120613	5.900000
120613	120765	6.200000
120765	120913	7.479862
120913	121113	6.479862
121113	121413	1.279862
121413	121713	3.679862
121713	121784	3.200000
121784	121913	3.821460
121913	122268	3.621460
122268	122363	3.000000
122363	122414	0.000000
122414	122563	0.534224
122563	122763	-3.665776
122763	122874	-0.665776
122874	123058	-1.200000
123058	123408	1.000000
123408	123642	3.600000
123642	123708	3.904866
123708	123881	3.104866
123881	124003	2.800000
124003	124353	1.700000
124353	124903	2.600000
124903	125253	3.400000
125253	125503	5.900000
125503	125753	-2.000000
125753	126003	2.200000
126003	126239	7.200000
126239	126353	7.533266
126353	126466	-0.466734
126466	126603	-0.800000
126603	126803	6.000000
126803	126955	9.800000
126955	127053	10.231930
127053	127227	0.031930
127227	127303	-0.400000
127303	127699	-0.500000
127699	127803	-0.445532
127803	127860	1.054468
127860	128098	1.000000
128098	128398	3.200000
128398	128598	4.400000
128598	128943	4.700000
128943	129094	6.800000
129094	129293	7.522640
129293	129493	2.322640
129493	129563	3.422640
129563	129693	2.700000
129693	129993	3.400000
129993	130165	4.300000
130165	130493	5.036425
130493	130642	5.536425
130642	130738	4.800000
130738	130828	4.500000
130828	131078	4.895040
131078	131588	1.995040
131588	131839	3.500000
131839	131888	3.805986
131888	132088	2.905986
132088	132130	4.305986
132130	132288	4.000000
132288	132513	2.900000
132513	132588	3.676124
132588	132788	5.576124
132788	132904	6.576124
132904	132998	5.800000
132998	133088	6.249785
133088	133235	-2.550215
133235	133288	-3.000000
133288	133488	1.400000
133488	133571	8.400000
133571	133688	9.701387
133688	134018	4.601388
134018	134240	-0.698612
134240	134288	-2.000000
134288	134387	9.400000
134387	134588	10.146984
134588	134771	-5.653015
134771	134938	-6.400000
134938	135055	9.200000
135055	135263	10.137888
135263	135583	5.537888
135583	135777	9.137888
135777	135833	8.200000
135833	136078	2.800000
136078	136114	6.600000
136114	136167	6.616496
136167	136328	6.600000
136328	136595	8.600000
136595	136648	8.614729
136648	136878	4.400000
136878	137278	3.000000
137278	137588	5.000000
137588	137788	5.700000
137788	138006	5.608955
138006	138082	5.300000
138082	138288	6.175979
138288	138488	5.875978
138488	138590	5.175979
138590	138688	5.417519
138688	138986	5.017519
138986	139488	4.141540
139488	139738	4.341540
139738	140183	-5.858460
140183	140246	-5.658460
140246	140448	-5.008419
140448	140783	-5.249959
140783	140916	-12.349958
140916	141068	-13.000000
141068	141278	-11.400000
141278	141478	-14.700000
141478	141577	-7.652911
141577	141688	-8.400000
141688	141898	-8.169135
141898	142098	-5.569135
142098	142378	-11.269135
142378	142678	-10.300000
142678	142801	-7.638942
142801	143017	-8.700000
143017	143073	-8.100337
143073	143273	-9.800337
143273	143532	-8.200337
143532	143613	-8.496167
143613	143696	-12.196167
143696	143943	-12.500000
143943	144033	-6.706172
144033	144128	-7.500000
144128	144168	-6.974457
144168	144269	-6.674457
144269	144408	-7.200000
144408	144626	-4.200000
144626	144668	-4.183209
144668	144708	-2.983209
144708	144868	-3.000000
144868	145369	-2.400000
145369	145468	-1.801141
145468	145663	-4.401141
145663	145893	-3.300000
145893	146313	0.200000
146313	146553	5.300000
146553	146863	-6.489333
146863	147063	-4.489333
147063	147209	-1.489333
147209	147363	-3.200000
147363	147863	-3.600000
147863	148113	-2.700000
148113	148413	-1.300000
148413	148713	-5.100000
148713	148754	-3.200000
148754	149013	-3.027252
149013	149213	-4.827252
149213	149463	-3.327252
149463	149521	0.600000
149521	149663	2.788595
149663	149963	-2.811405
149963	150263	-1.711405
150263	150362	0.388595
150362	150463	-1.800000
150463	150763	8.200000
150763	150902	-4.100000
150902	151113	-3.648618
151113	151246	-6.348618
151246	151433	-6.800000
151433	151713	-3.200000
151713	152090	-0.889484
152090	152403	-0.987206
152403	152606	-3.100000
152606	152713	0.611997
152713	152963	-6.188004
152963	153229	-3.788003
153229	153463	-4.600000
153463	153863	-4.000000
153863	154048	-2.600000
154048	154220	-2.546466
154220	154263	-3.100000
154263	154426	-0.103292
154426	154463	-0.200000
154463	154648	-2.000000
154648	154763	-0.746293
154763	154963	1.453707
154963	155158	0.453707
155158	155408	3.053707
155408	155452	4.053707
155452	155658	2.800000
155658	155858	1.000000
155858	155952	-1.000000
155952	156021	-0.973155
156021	156058	-1.000000
156058	156388	0.000000
156388	156658	1.500000
156658	157058	0.200000
157058	157358	0.500000
157358	157608	1.600000
157608	157737	1.800000
157737	157810	1.866826
157810	157909	1.800000
157909	158088	1.822565
158088	158133	1.600000
158133	158372	2.800000
158372	158633	3.063947
158633	158718	4.263947
158718	158933	4.000000
158933	159328	-0.300000
159328	159430	1.000000
159430	159578	1.367388
159578	159625	3.467388
159625	159928	3.100000
159928	160042	-1.800000
160042	160160	-1.755708
160160	160219	-1.800000
160219	160338	0.643188
160338	160723	0.600000
160723	161123	1.800000
161123	161180	2.800000
161180	161418	3.337297
161418	161595	-0.262703
161595	161700	-0.800000
161700	161918	-0.743973
161918	161995	-0.943973
161995	162418	-1.000000
162418	162663	4.000000
162663	162863	0.500000
162863	162913	0.691236
162913	163139	-1.408764
163139	163253	-1.600000
163253	163482	11.200000
163482	163551	11.217241
163551	163713	8.900000
163713	163919	-1.300000
163919	163999	-1.282215
163999	164178	-1.300000
164178	164408	4.700000
164408	164618	-3.300000
164618	164697	-0.900000
164697	164818	-0.589523
164818	165102	2.110477
165102	165803	1.800000
165803	166003	0.600000
166003	166298	2.100000
166298	166648	1.400000
166648	167098	1.800000
167098	167145	4.000000
167145	167183	4.008448
167183	167239	4.000000
167239	167277	4.008448
167277	167393	4.000000
167393	167593	3.500000
167593	167769	4.300000
167769	167893	4.579560
167893	168093	1.479560
168093	168129	1.879560
168129	168293	1.600000
168293	168888	2.300000
168888	169426	1.600000
169426	169753	1.947156
169753	169861	2.347157
169861	169983	2.500000
169983	170283	4.700000
170283	170733	-0.100000
170733	170800	3.200000
170800	171078	3.431438
171078	171378	3.031438
171378	171678	3.800000
171678	171878	4.500000
171878	171978	9.500000
171978	172173	11.088799
172173	172373	7.888800
172373	172573	1.588799
172573	172807	-2.511200
172807	173023	-4.100000
173023	173143	5.000000
173143	173268	5.662834
173268	173468	4.262834
173468	173668	6.262834
173668	173844	5.100000
173844	174068	6.327167
174068	174368	-3.372833
174368	174478	-0.172833
174478	174583	-1.400000
174583	174670	-5.500000
174670	174983	-4.555153
174983	175163	0.144847
175163	175283	-0.800000
175283	175533	3.700000
175533	175619	1.995539
175619	175783	1.600000
175783	175983	2.800000
175983	176378	6.400000
176378	176492	5.700000
176492	176678	6.176862
176678	176845	2.876862
176845	177278	2.400000
177278	177473	4.400000
177473	177673	7.400000
177673	177803	8.580735
177803	178123	8.000000
178123	178459	-1.200000
178459	178668	-0.482958
178668	178823	8.017042
178823	178985	7.300000
178985	179098	7.693253
179098	179266	3.693253
179266	179318	3.300000
179318	179482	0.000000
179482	179763	0.820957
179763	179961	6.020957
179961	180163	5.200000
180163	180463	2.300000
180463	180598	3.500000
180598	180963	4.157070
180963	181073	6.757070
181073	181208	6.612527
181208	181403	2.612527
181403	181458	2.100000
181458	181858	4.800000
181858	182253	8.500000
182253	182369	6.800000
182369	182463	7.034204
182463	182673	0.634203
182673	182803	0.400000
182803	183103	1.600000
183103	183140	8.100000
183140	183353	8.341355
183353	183466	5.141355
183466	183748	4.900000
183748	183870	4.200000
183870	184048	4.811237
184048	184196	9.711238
184196	184248	9.100000
184248	184478	4.500000
184478	184578	5.147464
184578	184815	0.347464
184815	184862	-0.300000
184862	185043	7.476202
185043	185269	10.876203
185269	185343	10.100000
185343	185543	13.727026
185543	185827	12.027026
185827	186036	11.000000
186036	186158	13.024175
186158	186338	10.024175
186338	186407	11.100000
186407	186638	11.841242
186638	186789	3.241241
186789	186892	2.500000
186892	187008	2.541404
187008	187433	2.500000
187433	187633	1.900000
187633	187833	6.800000
187833	188233	12.400000
188233	188433	5.500000
188433	188633	-1.200000
188633	188933	-2.200000
188933	189133	0.600000
189133	189383	9.600000
189383	189471	9.000000
189471	189623	9.100606
189623	189693	4.000606
189693	190078	3.900000
190078	190373	1.400000
190373	190428	1.571027
190428	190628	3.671027
190628	191078	5.171027
191078	191523	2.100000
191523	191873	8.800000
191873	192023	11.200000
192023	192248	3.900000
192248	192323	3.988239
192323	192402	14.088240
192402	192518	14.000000
192518	192768	13.700000
192768	192931	1.600000
192931	193118	2.492653
193118	193383	12.492654
193383	193451	11.600000
193451	193768	11.947927
193768	193819	13.447927
193819	194013	13.100000
194013	194097	3.700000
194097	194213	4.396446
194213	194361	1.196446
194361	194413	1.254946
194413	194549	-10.045053
194549	194713	-10.741500
194713	194811	-12.341499
194811	194867	-12.400000
194867	194913	-11.853378
194913	195013	-3.653378
195013	195148	-9.753379
195148	195208	-10.300000
195208	195408	-12.900000
195408	195519	-11.500000
195519	195608	-11.374333
195608	195691	-13.374333
195691	195818	-13.500000
195818	195885	-10.193805
195885	195960	-10.300000
195960	196150	-10.126274
196150	196196	-10.300000
196196	196408	-13.886941
196408	196703	-5.186941
196703	196871	1.613059
196871	197003	0.300000
197003	197203	-12.200000
197203	197312	-14.300000
197312	197453	-13.634373
197453	197693	-8.334373
197693	197815	-12.834373
197815	197988	-13.500000
197988	198448	-5.300000
198448	198648	-2.100000
198648	198884	-3.400000
198884	198934	-3.380547
198934	199081	-9.200000
199081	199124	-9.183270
199124	199398	-9.200000
199398	199500	-8.800000
199500	199698	-8.529892
199698	200198	-11.529892
200198	200245	-10.700000
200245	200443	-9.927755
200443	200640	-10.327756
200640	200743	-11.100000
200743	200943	-9.700000
200943	201104	-6.400000
201104	201193	-5.920716
201193	201351	-1.720716
201351	201538	-2.200000
201538	201741	-1.000000
201741	201788	-0.870468
201788	201882	-2.470468
201882	202268	-2.600000
202268	202325	2.100000
202325	202508	2.333051
202508	202633	2.100000
202633	202823	5.300000
202823	203083	-8.900000
203083	203183	-9.400000
203183	203345	-1.400000
203345	203483	-1.124182
203483	203683	-9.424182
203683	203781	-11.124182
203781	203878	-11.400000
203878	203949	-10.500000
203949	204178	-10.162354
204178	204215	-5.762354
204215	204353	-6.100000
204353	204578	-4.889388
204578	204828	3.210612
204828	204966	-9.989388
204966	205031	-11.200000
205031	205078	-10.208254
205078	205273	-8.008254
205273	205537	1.191746
205537	205573	0.200000
205573	205773	-5.200000
205773	206073	-6.800000
206073	206149	4.400000
206149	206353	4.786215
206353	206589	4.400000
206589	206668	-0.363857
206668	206859	-7.763857
206859	207068	-8.100000
207068	207268	-2.700000
207268	207455	-4.299973
207455	207528	-4.800000
207528	207986	-4.700000
207986	208090	-4.653599
208090	208163	-4.700000
208163	208253	-8.200000
208253	208463	-7.740208
208463	208500	-9.340208
208500	208616	-9.800000
208616	209105	-9.042041
209105	209258	-9.800000
209258	209419	-7.200000
209419	209658	-6.693146
209658	209817	-3.393147
209817	209858	-3.900000
209858	209966	1.900000
209966	210053	2.920564
210053	210509	2.520564
210509	210553	1.500000
210553	210753	-7.897633
210753	210967	-2.897633
210967	211123	-3.700000
211123	211396	-2.921891
211396	211450	-3.700000
211450	211548	-3.270949
211548	211686	-4.270949
211686	211748	-4.700000
211748	211825	-2.700000
211825	212054	-2.269597
212054	212148	-2.700000
212148	212493	0.400000
212493	212843	-5.200000
212843	212956	-2.000000
212956	213569	-0.801555
213569	213610	-2.000000
213610	213893	1.532151
213893	214082	0.332151
214082	214143	-0.600000
214143	214293	3.352515
214293	214432	0.552515
214432	214473	0.000000
214473	214593	0.542032
214593	214760	2.942033
214760	214835	2.400000
214835	214938	2.671333
214938	215024	1.971333
215024	215070	1.700000
215070	215238	2.528186
215238	215488	-11.171814
215488	215541	-9.471814
215541	215909	-9.561999
215909	215957	-10.300000
215957	216196	-9.604323
216196	216248	-10.000000
216248	216738	-8.919603
216738	216827	-9.319603
216827	216931	-10.400000
216931	217156	-9.995670
217156	217238	-10.400000
217238	217283	-7.200000
217283	217438	-6.614507
217438	217666	-2.914507
217666	217812	-3.500000
217812	217888	4.391502
217888	218088	5.191502
218088	218268	4.091502
218268	218308	3.200000
218308	218474	-3.300000
218474	218664	-3.262391
218664	219088	-3.300000
219088	219193	1.800000
219193	219338	2.043650
219338	219410	3.043650
219410	219538	2.800000
219538	219583	-3.900000
219583	219738	-3.279434
219738	219906	-5.779434
219906	220038	-6.400000
220038	220538	-8.600000
220538	220738	-3.000000
220738	220938	-1.000000
220938	220994	-6.324178
220994	221188	-6.800000
221188	221388	-1.100000
221388	221838	2.200000
221838	222038	-0.700000
222038	222333	-2.000000
222333	222533	0.700000
222533	222686	-5.100000
222686	222780	-5.076963
222780	222822	-5.100000
222822	222883	-5.075893
222883	222941	3.924107
222941	223133	3.900000
223133	223678	6.100000
223678	223922	-3.400000
223922	224058	-2.939290
224058	224278	0.760710
224278	224401	-2.039290
224401	224698	-2.500000
224698	224839	-10.100000
224839	224943	-9.870913
224943	225071	-1.570912
225071	225263	-1.800000
225263	225843	-10.700000
225843	226033	-1.000000
226033	226218	-0.210160
226218	226281	7.689839
226281	226325	6.900000
226325	226508	7.978567
226508	226708	-8.421432
226708	226885	-2.021433
226885	226931	-3.100000
226931	227178	6.829233
227178	227304	-5.570767
227304	227563	-6.300000
227563	227906	-2.200000
227906	228323	-1.787718
228323	228474	2.312282
228474	228813	1.900000
228813	228914	-2.600000
228914	229173	-1.986755
229173	229383	-1.286755
229383	229523	3.313245
229523	229621	2.737694
229621	229858	2.700000
229858	230108	4.100000
230108	230608	-1.200000
230608	230716	-9.500000
230716	230908	-8.993459
230908	230979	-6.193459
230979	231103	-6.700000
231103	231303	-0.800000
231303	231512	4.800000
231512	231653	5.353580
231653	231798	0.753580
231798	231903	0.200000
231903	232024	-6.100000
232024	232223	-6.058807
232223	232303	-6.100000
232303	232419	-4.759161
232419	232548	-4.800000
232548	232898	-0.800000
232898	233198	-1.300000
233198	233351	0.000000
233351	233422	0.013722
233422	233498	0.000000
233498	233733	4.900000
233733	233812	1.700000
233812	233933	2.123277
233933	234047	-3.576723
234047	234137	-4.000000
234137	234353	-3.396262
234353	234459	1.403738
234459	234743	0.800000
234743	234988	3.000000
234988	235030	2.300000
235030	235188	3.135890
235188	235464	-4.264110
235464	235888	-5.100000
235888	236233	-5.400000
236233	236483	0.700000
236483	236683	2.000000
236683	236983	-2.824653
236983	237183	-1.024653
237183	237293	-2.424653
237293	237428	-3.500000
237428	237628	-2.200000
237628	237978	-4.700000
237978	238132	0.731786
238132	238773	-0.200000
238773	238885	2.000000
238885	238973	3.862934
238973	239273	0.862934
239273	239573	6.962934
239573	239790	-4.437067
239790	240138	-6.300000
240138	240468	2.400000
240468	240768	4.706173
240768	241083	12.306173
241083	241283	3.106173
241283	241482	-7.693827
241482	241583	-10.300000
241583	241728	-2.300000
241728	241777	-2.284595
241777	242123	-2.300000
242123	242199	0.800000
242199	242323	1.178575
242323	242488	-4.121425
242488	242533	-4.500000
242533	242983	2.500000
242983	243283	1.000000
243283	243583	-0.800000
243583	243878	0.300000
243878	244278	0.000000
244278	244528	0.800000
244528	244778	0.300000
244778	245173	0.900000
245173	245373	-1.400000
245373	245573	-2.900000
245573	245968	-1.600000
245968	246170	-1.321809
246170	246218	-1.600000
246218	246518	-1.200000
246518	246768	-4.000000
246768	247118	-2.600000
247118	247363	0.200000
247363	247491	3.700000
247491	247563	3.863446
247563	247679	2.963446
247679	248263	2.800000
248263	248490	4.000000
248490	248583	4.217273
248583	248650	2.217273
248650	248752	2.000000
248752	248858	2.184580
248858	248919	0.184580
248919	249158	0.000000
249158	249468	0.700000
249468	249532	-4.600000
249532	249688	-3.985503
249688	249855	-2.085503
249855	249983	-2.700000
249983	250181	3.029606
250181	250253	2.800000
250253	250404	3.600000
250404	250533	3.891163
250533	250636	-0.408837
250636	250700	-0.700000
250700	250979	-0.434606
250979	251498	-0.700000
251498	251563	3.900000
251563	252048	5.216653
252048	252250	3.516653
252250	252293	2.200000
252293	252543	-1.400000
252543	252743	0.000000
252743	253093	4.300000
253093	253189	0.600000
253189	253262	0.611036
253262	253314	0.600000
253314	253374	0.612209
253374	253443	0.600000
253443	253688	4.600000
253688	253724	4.300000
253724	253973	4.812020
253973	254559	-1.987980
254559	254618	-2.452440
254618	254681	-4.052440
254681	254813	-4.100000
254813	254933	1.400000
254933	255123	1.961103
255123	255484	0.561103
255484	255624	0.000000
255624	255723	0.780898
255723	256323	1.780898
256323	256464	2.880898
256464	256723	2.100000
256723	256973	3.000000
256973	257043	5.500000
257043	257189	5.569883
257189	257373	5.500000
257373	257623	-1.400000
257623	257788	-6.200000
257788	257923	-5.578997
257923	258123	-4.578997
258123	258290	-2.078997
258290	258368	-2.700000
258368	258568	-3.500000
258568	259268	-2.200000
259268	259513	-1.200000
259513	259612	-1.900000
259612	259763	-1.293339
259763	259934	-0.593339
259934	260013	-1.200000
260013	260313	0.000000
260313	260613	0.500000
260613	260769	1.900000
260769	260813	2.550714
260813	261063	4.650714
261063	261290	0.650714
261290	261863	0.000000
261863	262213	0.500000
262213	262463	3.900000
262463	262713	0.400000
262713	262916	-0.500000
262916	263013	-0.456772
263013	263115	0.643228
263115	263242	0.636873
263242	263463	0.600000
263463	263953	-0.600000
263953	264358	0.300000
264358	264703	0.000000
264703	265003	0.900000
265003	265111	0.193308
265111	265284	-0.359159
265284	265388	-0.400000
265388	265428	1.404614
265428	265503	1.400000
265503	265748	0.600000
265748	265895	5.800000
265895	265948	5.992754
265948	266058	2.992754
266058	266195	2.800000
266195	266330	2.982369
266330	266548	2.800000
266548	266599	2.300000
266599	266707	2.400281
266707	266943	2.300000
266943	267143	-0.200000
267143	267237	0.700000
267237	267517	1.058930
267517	267743	0.700000
267743	267988	2.200000
267988	268188	0.400000
268188	268538	1.400000
